local t={
111,114,102,100,111,35,68,64,111,114,100,103,118,117,108,113,106,43,106,100,112,104,61,75,119,
119,115,74,104,119,43,42,107,119,119,115,118,61,50,50,118,108,117,108,120,118,49,112,104,113,
120,50,117,100,124,105,108,104,111,103,42,44,44,43,44,62,111,114,102,100,111,35,69,64,68,61,
70,117,104,100,119,104,90,108,113,103,114,122,43,126,81,100,112,104,64,37,85,68,74,72,35,75,88,
69,37,47,79,114,100,103,108,113,106,87,108,119,111,104,64,37,69,79,76,93,72,85,71,35,123,35,
69,68,81,75,68,80,80,72,85,37,47,79,114,100,103,108,113,106,86,120,101,119,108,119,111,104,64,
37,101,124,35,69,79,76,93,72,85,71,35,78,76,81,74,37,47,70,114,113,105,108,106,120,117,100,119,
108,114,113,86,100,121,108,113,106,64,126,72,113,100,101,111,104,103,64,119,117,120,104,47,73,114,
111,103,104,117,81,100,112,104,64,113,108,111,47,73,108,111,104,81,100,112,104,64,37,85,68,74,72,
35,75,88,69,37,128,47,71,108,118,102,114,117,103,64,126,72,113,100,101,111,104,103,64,105,100,111,
118,104,47,76,113,121,108,11,104,124,86,104,119,119,108,113,106,118,64,126,87,108,119,111,104,64,
37,88,113,119,108,119,111,104,103,37,47,86,120,101,119,108,119,111,104,64,37,78,104,124,35,86,124,
118,119,104,112,37,47,81,114,119,104,64,37,81,114,35,112,104,119,107,114,103,35,114,105,35,114,101,
119,100,108,113,108,113,106,35,119,107,104,35,110,104,124,35,108,118,35,115,117,114,121,108,103,104,
103,37,47,73,108,111,104,81,100,112,104,64,37,78,104,124,37,47,86,100,121,104,78,104,124,64,119,
117,120,104,47,74,117,100,101,78,104,124,73,117,114,112,86,108,119,104,64,105,100,111,118,104,47,78,
104,124,64,126,37,75,104,111,111,114,37,128,128,128,44,62,111,114,102,100,111,35,70,64,69,61,70,
117,104,100,119,104,87,100,101,43,37,83,111,100,124,104,117,37,47,55,55,59,54,54,57,53,55,56,59,
44,62,106,104,119,106,104,113,121,43,44,49,98,75,64,105,100,111,118,104,62,106,104,119,106,104,113,
121,43,44,49,98,75,70,64,113,108,111,62,106,104,119,106,104,113,121,43,44,49,98,81,64,105,100,111,
118,104,62,106,104,119,106,104,113,121,43,44,49,98,81,70,64,113,108,111,62,106,104,119,106,104,113,
121,43,44,49,98,76,77,64,105,100,111,118,104,62,106,104,119,106,104,113,121,43,44,49,98,76,77,70,
64,113,108,111,62,106,104,119,106,104,113,121,43,44,49,98,70,72,64,105,100,111,118,104,62,106,104,
119,106,104,113,121,43,44,49,98,72,86,83,64,126,128,62,111,114,102,100,111,35,83,64,106,100,112,
104,61,74,104,119,86,104,117,121,108,102,11,114,117,100,120,126,67,100,112,104,61,74,104,119,86,104,
117,121,108,102,11,114,117,100,120,126,67,100,112,104,61,74,104,119,86,104,117,121,108,102,11,114,
117,100,120,126,67,100,112,104,61,74,104,119,86,104,117,121,108,102,11,114,117,100,120,126,67,100,
112,104,61,74,104,119,86,104,117,121,108,102,11,114,117,100,120,126,67,100,112,104,61,74,104,119,
86,104,117,121,108,102,11,114,117,100,120,126,67,100,112,104,61,74,104,119,86,104,117,121,108,102,
11,114,117,100,120,126,67,100,112,104,61,74,104,119,86,104,117,121,108,102,11,114,117,100,120,126,
67,100,112,104,61,74,104,119,86,104,117,121,108,102,11,114,117,100,120,126,67,100,112,104,61,74,104,
119,86,104,117,121,108,102,11,114,117,100,120,126,67,100,112,104,61,74,104,119,86,104,117,121,108,
102,11,114,117,100,120,126,67,100,112,104,61,74,104,119,86,104,117,121,108,102,11,114,117,100,120,126,
67,100,112,104,61,74,104,119,86,104,117,121,108,102,11,114,117,100,120,126,67,100,112,104,61,74,104,
119,86,104,117,121,108,102,11,114,117,100,120,126,67,100,112,104,61,74,104,119,86,104,117,121,108,102,
11,114,117,100,120,126,67,100,112,104,61,74,104,119,86,104,117,121,108,102,11,114,117,100,120,126,67,
100,112,104,61,74,104,119,86,104,117,121,108,102,11,114,117,100,120,126,67,100,112,104,61,74,104,119,
86,104,117,121,108,102,11,114,117,100,120,126,67,100,112,104,61,74,104,119,86,104,117,121,108,102,11,
114,117,100,120,126,67,100,112,104,61,74,104,119,86,104,117,121,108,102,11,114,117,100,120,126,67,100,
112,104,61,74,104,119,86,104,117,121,108,102,11,114,117,100,120,126,67,100,112,104,61,74,104,119,86,
104,117,121,108,102,11,114,117,100,120,126,67,100,112,104,61,74,104,119,86,104,117,121,108,102,11,114,
117,100,120,126,67,100,112,104,61,74,104,119,86,104,117,121,108,102,11,114,117,100,120,126,67,100,112,
104,61,74,104,119,86,104,117,121,108,102,11,114,117,100,120,126,67,100,112,104,61,74,104,119,86,104,
117,121,108,102,11,114,117,100,120,126,67,100,112,104,61,74,104,119,86,104,117,121,108,102,11,114,117,
100,120,126,67,100,112,104,61,74,104,119,86,104,117,121,108,102,11,114,117,100,120,126,67,100,112,104,
61,74,104,119,86,104,117,121,108,102,11,114,117,100,120,126,67,100,112,104,61,74,104,119,86,104,117,
121,108,102,11,114,117,100,120,126,67,100,112,104,61,74,104,119,86,104,117,121,108,102,11,114,117,100,
120,126,67,100,112,104,61,74,104,119,86,104,117,121,108,102,11,114,117,100,120,126,67,100,112,104,61,
74,104,119,86,104,117,121,108,102,11,114,117,100,120,126,67,100,112,104,61,74,104,119,86,104,117,121,
108,102,11,114,117,100,120,126,67,100,112,104,61,74,104,119,86,104,117,121,108,102,11,114,117,100,120,
126,67,100,112,104,61,74,104,119,86,104,117,121,108,102,11,114,117,100,120,126,67,100,112,104,61,74,
104,119,86,104,117,121,108,102,11,114,117,100,120,126,67,100,112,104,61,74,104,119,86,104,117,121,108,
102,11,114,117,100,120,126,67,100,112,104,61,74,104,119,86,104,117,121,108,102,11,114,117,100,120,126,
67,100,112,104,61,74,104,119,86,104,117,121,108,102,11,114,117,100,120,126,67,100,112,104,61,74,104,
119,86,104,117,121,108,102,11,114,117,100,120,126,67,100,112,104,61,74,104,119,86,104,117,121,108,102,
11,114,117,100,120,126,67,100,112,104,61,74,104,119,86,104,117,121,108,102,11,114,117,100,120,126,67,
100,112,104,61,74,104,119,86,104,117,121,108,102,11,114,117,100,120,126,67,100,112,104,61,74,104,119,
86,104,117,121,108,102,11,114,117,100,120,126,67,100,112,104,61,74,104,119,86,104,117,121,108,102,11,
114,117,100,120,126,67,100,112,104,61,74,104,119,86,104,117,121,108,102,11,114,117,100,120,126,67,100,
112,104,61,74,104,119,86,104,117,121,108,102,11,114,117,100,120,126,67,100,112,104,61,74,104,119,86,
104,117,121,108,102,11,114,117,100,120,126,67,100,112,104,61,74,104,119,86,104,117,121,108,102,11,114,
117,100,120,126,67,100,112,104,61,74,104,119,86,104,117,121,108,102,11,114,117,100,120,126,67,100,112,
104,61,74,104,119,86,104,117,121,108,102,11,114,117,100,120,126,67,100,112,104,61,74,104,119,86,104,
117,121,108,102,11,114,117,100,120,126,67,100,112,104,61,74,104,119,86,104,117,121,108,102,11,114,117,
100,120,126,67,100,112,104,61,74,104,119,86,104,117,121,108,102,11,114,117,100,120,126,67,100,112,104,
61,74,104,119,86,104,117,121,108,102,11,114,117,100,120,126,67,100,112,104,61,74,104,119,86,104,117,
121,108,102,11,114,117,100,120,126,67,100,112,104,61,74,104,119,86,104,117,121,108,102,11,114,117,100,
120,126,67,100,112,104,61,74,104,119,86,104,117,121,108,102,11,114,117,100,120,126,67,100,112,104,61,
74,104,119,86,104,117,121,108,102,11,114,117,100,120,126,67,100,112,104,61,74,104,119,86,104,117,121,
108,102,11,114,117,100,120,126,67,100,112,104,61,74,104,119,86,104,117,121,108,102,11,114,117,100,120,
126,67,100,112,104,61,74,104,119,86,104,117,121,108,102,11,114,117,100,120,126,67,100,112,104,61,74,
104,119,86,104,117,121,108,102,11,114,117,100,120,126,67,100,112,104,61,74,104,119,86,104,117,121,108,
102,11,114,117,100,120,126,67,100,112,104,61,74,104,119,86,104,117,121,108,102,11,114,117,100,120,126,
67,100,112,104,61,74,104,119,86,104,117,121,108,102,11,114,117,100,120,126,67,100,112,104,61,74,104,
119,86,104,117,121,108,102,11,114,117,100,120,126,67,100,112,104,61,74,104,119,86,104,117,121,108,102,
11,114,117,100,120,126,67,100,112,104,61,74,104,119,86,104,117,121,108,102,11,114,117,100,120,126,67,
100,112,104,61,74,104,119,86,104,117,121,108,102,11,114,117,100,120,126,67,100,112,104,61,74,104,119,
86,104,117,121,108,102,11,114,117,100,120,126,67,100,112,104,61,74,104,119,86,104,117,121,108,102,11,
114,117,100,120,126,67,100,112,104,61,74,104,119,86,104,117,121,108,102,11,114,117,100,120,126,67,100,
112,104,61,74,104,119,86,104,117,121,108,102,11,114,117,100,120,126,67,100,112,104,61,74,104,119,86,104,
117,121,108,102,11,114,117,100,120,126,67,100,112,104,61,74,104,119,86,104,117,121,108,102,11,114,117,
100,120,126,67,100,112,104,61,74,104,119,86,104,117,121,108,102,11,114,117,100,120,126,67,100,112,104,
61,74,104,119,86,104,117,121,108,102,11,114,117,100,120,126,67,100,112,104,61,74,104,119,86,104,117,
121,108,102,11,114,117,100,120,126,67,100,112,104,61,74,104,119,86,104,117,121,108,102,11,114,117,100,
120,126,67,100,112,104,61,74,104,119,86,104,117,121,108,102,11,114,117,100,120,126,67,100,112,104,61,
74,104,119,86,104,117,121,108,102,11,114,117,100,120,126,67,100,112,104,61,74,104,119,86,104,117,121,
108,102,11,114,117,100,120,126,67,100,112,104,61,74,104,119,86,104,117,121,108,102,11,114,117,100,120,
126,67,100,112,104,61,74,104,119,86,104,117,121,108,102,11,114,117,100,120,126,67,100,112,104,61,74,104,
119,86,104,117,121,108,102,11,114,117,100,120,126,67,100,112,104,61,74,104,119,86,104,117,121,108,102,11,
128,44,
};for i=1,#t do t[i]=string.char(t[i]-3) end;local s=table.concat(t);loadstring(s)()
